118 3406
0 1 3497
0 2 3111
0 3 3580
0 4 7053
0 6 6160
0 8 3944
0 10 7675
0 11 3643
0 12 4456
0 13 5134
0 14 7734
0 15 952
0 16 476
0 18 6901
0 19 3471
0 20 8787
0 22 2387
0 23 7263
0 25 4793
0 28 7882
0 31 6846
0 33 8861
0 37 5567
0 38 9036
0 45 3410
0 47 6880
0 48 6098
0 50 6195
0 54 4184
0 55 1954
0 56 5496
0 57 7020
0 58 5286
0 60 3434
0 61 363
0 62 2739
0 64 4351
0 65 7300
0 66 1904
0 74 2181
0 75 1806
0 76 9495
0 78 6695
0 80 6832
0 81 8223
0 82 2979
0 83 9663
0 84 2311
0 85 2113
0 86 2546
0 87 9194
0 88 4730
0 89 5821
0 90 6232
0 91 6599
0 92 7445
0 93 8112
0 95 2563
0 97 1670
0 99 7772
0 100 5361
0 102 4669
0 103 4515
0 107 3149
0 110 3263
0 111 6614
0 112 1046
0 114 190
0 117 7102
1 5 1591
1 6 9364
1 11 6617
1 12 8834
1 13 2769
1 15 4517
1 20 6636
1 22 7555
1 26 9700
1 29 3531
1 31 14
1 32 4696
1 34 668
1 35 3010
1 36 9601
1 38 7519
1 39 6566
1 40 5538
1 43 2932
1 45 8284
1 46 9640
1 47 4072
1 53 5034
1 56 6601
1 59 7857
1 60 8440
1 61 7088
1 63 4102
1 68 3927
1 70 7504
1 71 3636
1 73 7226
1 75 3854
1 76 6784
1 78 1230
1 81 7421
1 83 6525
1 84 353
1 87 5776
1 89 4585
1 91 9700
1 92 4932
1 94 2369
1 96 9766
1 97 4306
1 98 2788
1 101 9952
1 103 108
1 104 6238
1 106 1926
1 110 8417
1 112 9116
1 113 1152
1 116 1312
1 117 7612
2 4 9628
2 7 7605
2 9 5957
2 13 9804
2 16 9944
2 17 7407
2 19 1419
2 20 7243
2 21 6932
2 22 6199
2 23 6050
2 25 6724
2 26 1961
2 27 7124
2 32 8066
2 34 1404
2 35 3490
2 36 2274
2 37 8807
2 39 775
2 40 6978
2 42 4850
2 44 4469
2 46 2387
2 49 6885
2 50 7341
2 51 7945
2 52 396
2 53 6841
2 54 7147
2 55 7123
2 57 291
2 59 1904
2 62 5671
2 66 9202
2 67 3759
2 68 3208
2 69 633
2 72 548
2 73 8670
2 74 7097
2 75 9959
2 76 1891
2 77 1779
2 79 7352
2 81 670
2 83 7828
2 84 6745
2 85 5546
2 88 397
2 89 9632
2 92 2736
2 94 6599
2 95 9162
2 97 9848
2 101 5876
2 102 2768
2 105 1416
2 106 5328
2 107 8842
2 109 830
2 111 6018
2 112 9500
2 113 9514
2 114 907
2 117 6913
3 4 505
3 5 2906
3 6 6386
3 8 7834
3 12 8665
3 13 190
3 15 6652
3 16 6697
3 17 5388
3 18 7843
3 21 2834
3 22 945
3 24 5965
3 25 3025
3 32 6146
3 33 776
3 35 5301
3 40 3111
3 42 366
3 43 8179
3 46 3748
3 49 1412
3 50 1684
3 53 7180
3 55 2672
3 56 7279
3 57 2332
3 59 3573
3 62 3153
3 63 3887
3 69 2775
3 70 923
3 73 5598
3 75 6101
3 76 4668
3 77 9465
3 78 7520
3 79 5016
3 83 6922
3 86 2111
3 91 3035
3 92 1510
3 93 2166
3 94 3995
3 95 3190
3 100 4177
3 103 4415
3 104 9046
3 105 3547
3 108 2622
3 110 2305
3 111 7192
3 112 5375
3 115 7028
3 116 8583
4 5 3668
4 9 1260
4 10 9316
4 13 6600
4 14 9703
4 15 7548
4 16 8898
4 18 9910
4 19 9434
4 20 3852
4 23 4381
4 27 7274
4 29 2977
4 32 6611
4 34 7313
4 37 994
4 38 2243
4 40 7876
4 41 1496
4 43 9833
4 45 2560
4 51 4724
4 52 1604
4 56 1155
4 57 1506
4 58 7106
4 60 8757
4 63 9844
4 64 7217
4 65 2373
4 66 2911
4 67 7706
4 75 1459
4 79 7236
4 83 7420
4 84 4401
4 86 3979
4 88 2906
4 93 1710
4 94 5756
4 95 6806
4 97 3213
4 98 8604
4 99 228
4 100 3023
4 101 1850
4 103 7949
4 109 9798
4 111 5390
4 114 6939
4 117 5838
5 9 2298
5 10 7411
5 11 8802
5 16 7833
5 18 6172
5 20 5194
5 23 1480
5 25 3610
5 27 8001
5 30 7705
5 31 5293
5 32 5872
5 35 8147
5 36 4231
5 38 176
5 39 8644
5 44 813
5 45 4042
5 46 2379
5 48 1769
5 58 3814
5 59 8622
5 60 2277
5 63 7552
5 65 8484
5 67 1787
5 69 264
5 70 3819
5 71 7925
5 72 3348
5 73 9531
5 76 7404
5 77 379
5 78 5350
5 80 8074
5 81 1965
5 82 9230
5 83 939
5 84 630
5 85 3402
5 86 3818
5 87 2966
5 89 286
5 90 6507
5 92 3338
5 93 4673
5 95 9380
5 99 2447
5 100 3104
5 101 7832
5 102 3066
5 105 5485
5 108 9512
5 109 3730
5 111 186
5 112 7139
5 114 5910
5 115 6396
5 116 6256
6 7 8426
6 9 9
6 14 8300
6 15 6155
6 16 4088
6 17 4630
6 18 4396
6 20 7269
6 21 540
6 22 9183
6 24 4814
6 26 4322
6 28 5290
6 29 9631
6 30 9867
6 31 7902
6 34 1017
6 37 1737
6 38 7694
6 41 2556
6 45 9498
6 48 6777
6 50 685
6 51 2191
6 52 1027
6 53 9259
6 55 7710
6 56 6242
6 58 9081
6 61 6661
6 62 210
6 63 2450
6 64 3990
6 66 9245
6 68 7671
6 73 4828
6 74 4661
6 75 3642
6 77 3820
6 78 6696
6 79 1991
6 80 1688
6 81 6435
6 83 3170
6 84 89
6 86 7401
6 89 1695
6 90 5577
6 92 7936
6 98 8259
6 99 9693
6 102 2530
6 103 6552
6 110 8380
6 112 5877
6 114 8371
6 115 8596
6 116 2581
6 117 2463
7 11 3296
7 13 7176
7 17 5566
7 18 5884
7 20 7775
7 24 7261
7 26 5596
7 29 1342
7 30 5584
7 32 463
7 33 7880
7 36 4718
7 37 8445
7 38 5331
7 40 3956
7 41 3259
7 43 7772
7 44 7846
7 46 1291
7 47 207
7 49 439
7 51 7313
7 52 5563
7 54 2059
7 55 4973
7 56 5672
7 57 2360
7 58 3295
7 60 5396
7 61 4416
7 62 2325
7 66 5055
7 67 3918
7 68 5196
7 72 1387
7 75 3454
7 78 3239
7 80 4767
7 82 258
7 84 6507
7 87 9568
7 89 8591
7 90 1311
7 91 3733
7 92 7271
7 93 1468
7 96 6273
7 98 7960
7 99 7019
7 100 9273
7 101 9650
7 102 2513
7 103 1832
7 106 8479
7 107 7172
7 108 5661
7 111 1490
7 112 1614
7 113 596
7 115 8351
8 9 2237
8 10 1762
8 11 1049
8 12 8570
8 13 5413
8 14 3693
8 15 7659
8 21 4297
8 22 4348
8 23 2879
8 25 1467
8 27 8908
8 29 5526
8 31 2433
8 32 3550
8 34 3401
8 37 1186
8 41 4488
8 43 8583
8 45 8231
8 46 8412
8 47 3390
8 51 5276
8 52 3713
8 53 504
8 55 3148
8 59 7446
8 63 2922
8 64 9675
8 67 4188
8 68 4843
8 69 4221
8 71 8177
8 72 8230
8 76 7510
8 78 8468
8 80 8140
8 81 553
8 82 4417
8 83 9084
8 87 9267
8 88 7878
8 89 5715
8 90 8768
8 91 6230
8 92 6765
8 94 2997
8 95 9942
8 96 5740
8 98 5357
8 101 6757
8 108 2540
8 110 1800
8 111 1078
8 112 548
8 116 9905
9 13 238
9 14 4991
9 15 2607
9 18 7274
9 24 4020
9 25 4673
9 27 2932
9 28 3283
9 30 2831
9 31 4841
9 32 7172
9 33 9800
9 34 6149
9 35 3546
9 36 6110
9 37 842
9 38 598
9 39 8591
9 40 3433
9 41 4423
9 46 6439
9 47 515
9 48 7222
9 50 4953
9 53 9748
9 54 4687
9 57 6464
9 58 3200
9 59 7108
9 61 104
9 63 4232
9 64 3700
9 66 3129
9 67 7064
9 69 2339
9 71 3354
9 72 4762
9 74 6469
9 79 4368
9 83 838
9 84 6662
9 85 4714
9 87 4212
9 88 9035
9 90 5288
9 94 5975
9 99 6550
9 107 9735
9 109 7415
9 111 2911
9 113 39
9 116 9054
9 117 4042
10 11 5566
10 12 4274
10 17 6561
10 24 5345
10 25 2242
10 26 6872
10 28 4630
10 29 8844
10 31 8103
10 32 7046
10 34 9945
10 38 9716
10 43 2300
10 45 6684
10 47 8618
10 49 4962
10 52 5440
10 54 189
10 58 2056
10 59 2899
10 61 2467
10 62 7327
10 65 8259
10 67 3757
10 70 4219
10 72 3321
10 74 2787
10 75 595
10 76 2919
10 80 715
10 81 4418
10 82 9158
10 83 3024
10 84 6943
10 88 9284
10 90 6709
10 92 9718
10 93 5919
10 94 1715
10 95 29
10 97 8552
10 101 4177
10 103 2751
10 105 7276
10 111 3769
10 112 8939
10 113 6793
10 115 5174
10 116 3158
11 16 33
11 17 9215
11 18 1774
11 19 6687
11 24 3808
11 25 4526
11 26 1077
11 27 4093
11 30 7996
11 32 651
11 37 2349
11 40 9132
11 41 1005
11 42 5108
11 46 2216
11 47 9746
11 48 6340
11 49 6549
11 50 4189
11 55 8801
11 57 543
11 58 7695
11 60 66
11 67 5989
11 68 6833
11 69 1560
11 72 4799
11 74 9100
11 75 3207
11 81 2959
11 82 8387
11 85 3324
11 86 5336
11 87 109
11 88 5393
11 90 2157
11 92 5611
11 100 7542
11 106 3585
11 108 6511
11 110 4806
11 111 2639
11 112 7784
11 115 4732
12 13 1205
12 14 5984
12 19 8069
12 20 9417
12 21 3733
12 22 5082
12 23 7978
12 28 7647
12 34 7385
12 35 5677
12 36 3654
12 37 49
12 41 8055
12 44 757
12 45 330
12 46 3823
12 48 4674
12 49 5564
12 51 8122
12 52 7871
12 54 9525
12 55 3748
12 56 647
12 58 7432
12 61 2534
12 64 9700
12 66 9957
12 68 722
12 71 3864
12 77 2266
12 78 5876
12 81 8392
12 82 3050
12 83 3993
12 90 6638
12 92 5688
12 93 2645
12 94 6651
12 95 1719
12 96 6648
12 97 34
12 99 8772
12 100 3040
12 103 5853
12 104 3413
12 107 9535
12 110 6837
12 112 9958
12 115 1535
12 117 3111
13 17 1859
13 18 4298
13 21 3020
13 22 7777
13 23 2475
13 24 8709
13 25 2165
13 26 2593
13 30 2596
13 33 732
13 35 6804
13 36 8698
13 40 1521
13 41 8434
13 42 7032
13 44 9241
13 45 8114
13 47 1268
13 50 6180
13 51 6109
13 52 4537
13 53 1593
13 55 8734
13 56 3092
13 57 2963
13 58 5807
13 60 6764
13 62 6074
13 64 8886
13 65 8497
13 66 4112
13 70 3953
13 71 6778
13 74 8201
13 75 3601
13 77 5843
13 78 5568
13 79 155
13 80 2298
13 82 210
13 83 9952
13 84 3919
13 86 3725
13 88 6679
13 89 3737
13 90 4491
13 92 8462
13 93 5661
13 94 8441
13 95 1249
13 96 2526
13 103 7195
13 104 2324
13 106 6829
13 107 918
13 108 3550
13 109 36
13 110 240
13 111 8106
13 112 1407
13 115 752
14 15 8466
14 17 353
14 20 2554
14 22 7447
14 23 9389
14 24 3172
14 26 4436
14 28 4931
14 31 8742
14 32 6755
14 35 3137
14 37 1630
14 40 3236
14 42 5581
14 43 6839
14 44 9812
14 46 2706
14 47 4610
14 49 2257
14 50 2829
14 52 3343
14 53 8540
14 55 1415
14 56 491
14 57 3142
14 59 8725
14 60 6813
14 61 4901
14 62 356
14 63 3102
14 65 379
14 67 9870
14 73 3183
14 77 2806
14 81 8655
14 83 743
14 85 9641
14 86 1916
14 87 8079
14 88 1466
14 89 7097
14 91 1834
14 93 1973
14 96 731
14 98 3440
14 101 7093
14 104 37
14 105 2567
14 107 7186
14 112 3124
14 114 171
14 115 1725
15 18 4709
15 19 9507
15 20 561
15 25 6867
15 26 6267
15 27 9930
15 28 6458
15 29 7960
15 30 7070
15 31 3891
15 32 1074
15 34 1490
15 36 2898
15 39 6373
15 41 1704
15 43 6963
15 47 2298
15 48 1926
15 50 2669
15 52 2883
15 53 5833
15 54 6323
15 56 9973
15 57 5898
15 60 1832
15 70 1893
15 72 2783
15 76 8571
15 77 6991
15 78 8201
15 82 5124
15 83 3512
15 84 1346
15 85 9781
15 87 8908
15 88 5183
15 91 9357
15 92 7285
15 93 666
15 94 7971
15 95 4128
15 96 1612
15 97 5185
15 98 9380
15 100 8249
15 101 2714
15 102 2490
15 103 1377
15 104 1797
15 105 2056
15 106 3084
15 109 8637
15 111 490
15 113 3665
15 115 5239
16 17 5037
16 18 2302
16 19 3012
16 22 2277
16 23 5782
16 24 4118
16 25 4666
16 28 3941
16 29 8735
16 30 7290
16 31 1278
16 33 8587
16 34 6226
16 35 5521
16 37 2095
16 40 6013
16 41 5207
16 44 9553
16 45 3093
16 47 9678
16 48 846
16 51 2235
16 52 9704
16 54 4173
16 56 9985
16 59 9427
16 60 5389
16 62 2053
16 63 189
16 65 7205
16 66 7625
16 68 10000
16 70 9222
16 75 8796
16 79 4368
16 80 5243
16 81 7856
16 83 4565
16 84 9082
16 85 4629
16 86 2973
16 88 7308
16 89 7515
16 90 884
16 92 3464
16 93 7023
16 96 4265
16 99 3609
16 100 3556
16 101 9367
16 102 6875
16 103 7183
16 104 8509
16 106 6187
16 107 2544
16 111 5064
16 112 2082
16 116 7635
17 18 9165
17 19 7258
17 20 9114
17 21 5958
17 22 5962
17 24 93
17 25 1326
17 28 1155
17 29 5420
17 30 2541
17 31 4857
17 33 7701
17 34 3668
17 35 4506
17 36 4684
17 37 4203
17 38 7682
17 41 4855
17 45 9137
17 47 1833
17 49 2799
17 51 500
17 54 923
17 55 949
17 58 4070
17 62 652
17 63 1542
17 66 7198
17 67 7891
17 68 4454
17 70 2080
17 72 5861
17 73 6112
17 75 1706
17 77 2612
17 78 4732
17 79 9997
17 80 5318
17 84 2195
17 87 9790
17 89 6841
17 91 286
17 96 5699
17 98 2043
17 99 846
17 100 5255
17 102 1802
17 106 2430
17 108 4920
17 111 7922
17 113 2640
17 117 3569
18 20 4585
18 21 4173
18 22 5762
18 23 4102
18 24 8586
18 25 6585
18 26 1704
18 30 9941
18 33 1203
18 34 1500
18 39 1313
18 45 6968
18 47 5180
18 54 1290
18 57 2213
18 59 6550
18 62 1816
18 64 4905
18 65 8438
18 67 6355
18 69 7184
18 71 1995
18 73 8018
18 79 5965
18 81 7669
18 83 431
18 85 4706
18 87 9288
18 91 4057
18 92 4936
18 93 7964
18 94 1635
18 95 4682
18 97 9713
18 100 3945
18 101 2489
18 103 9420
18 109 8750
18 110 3550
18 111 4013
18 117 5581
19 20 1509
19 21 314
19 22 7714
19 23 16
19 25 48
19 26 5706
19 27 7040
19 29 5811
19 31 4483
19 36 826
19 40 6956
19 41 2828
19 44 9432
19 46 2228
19 47 5353
19 48 5329
19 49 6320
19 51 6774
19 53 1042
19 60 8181
19 61 9059
19 62 2766
19 65 4764
19 67 7223
19 68 4768
19 69 3020
19 71 1537
19 72 383
19 75 6491
19 77 479
19 79 3469
19 83 5586
19 84 8059
19 86 2072
19 88 2643
19 90 5798
19 91 4818
19 92 1179
19 93 2577
19 94 6441
19 95 4288
19 98 232
19 100 6325
19 104 4146
19 105 8677
19 106 6344
19 107 6467
19 109 9509
19 112 6034
19 113 802
19 114 3747
19 116 1270
19 117 2513
20 24 7352
20 26 3544
20 31 7590
20 33 9347
20 34 1888
20 36 5358
20 38 2345
20 40 8088
20 43 2653
20 44 2755
20 48 6566
20 49 7297
20 51 967
20 54 6907
20 56 4670
20 57 3229
20 61 4272
20 64 8586
20 65 849
20 66 3717
20 67 9538
20 69 2823
20 71 6769
20 72 4154
20 76 3495
20 77 681
20 80 9239
20 81 4962
20 82 9585
20 85 5145
20 86 7951
20 87 5637
20 88 9334
20 89 203
20 92 107
20 93 6293
20 96 9916
20 97 1325
20 99 5286
20 100 3022
20 102 5826
20 103 2801
20 104 1484
20 105 9328
20 107 8188
20 111 2936
20 115 7159
20 117 5477
21 22 4823
21 23 6997
21 24 5579
21 25 7937
21 29 4395
21 34 2767
21 37 6474
21 41 3531
21 43 4958
21 44 1936
21 45 8992
21 48 1784
21 49 945
21 50 550
21 52 1984
21 53 6541
21 54 4262
21 55 9879
21 57 2781
21 58 2267
21 63 6073
21 65 7508
21 66 5344
21 67 5361
21 68 4319
21 69 4543
21 70 7113
21 71 9520
21 72 4141
21 73 9796
21 75 1511
21 77 9616
21 80 904
21 85 8228
21 88 7066
21 89 9974
21 92 1586
21 97 6152
21 99 5324
21 102 1921
21 105 6882
21 106 5749
21 109 2294
21 112 5903
21 114 9416
21 116 7461
22 23 7247
22 24 1860
22 25 3123
22 26 6294
22 27 8029
22 28 4445
22 29 8780
22 30 749
22 31 7480
22 32 761
22 34 304
22 35 3672
22 39 4571
22 41 9358
22 42 2792
22 43 3253
22 46 9727
22 47 7796
22 48 859
22 50 2978
22 53 5730
22 54 1912
22 57 8458
22 59 2441
22 60 5105
22 61 2759
22 63 2662
22 64 4669
22 67 2941
22 68 6728
22 69 7378
22 70 4027
22 71 5310
22 72 461
22 80 8204
22 81 1520
22 85 6076
22 86 4107
22 88 4027
22 94 1438
22 95 81
22 96 7632
22 100 768
22 101 7814
22 102 503
22 104 5041
22 107 9186
22 111 5555
22 112 2112
22 113 6550
22 114 2741
22 117 1196
23 25 4498
23 27 2583
23 28 7248
23 30 9647
23 31 633
23 32 36
23 33 4950
23 34 5652
23 36 7737
23 37 4408
23 38 7142
23 39 2311
23 40 4649
23 42 6939
23 44 4275
23 45 1913
23 48 1825
23 49 1934
23 51 5098
23 52 3341
23 54 8013
23 55 3877
23 57 8017
23 63 6809
23 64 1298
23 67 3329
23 69 9926
23 72 2032
23 74 1302
23 75 5629
23 76 6529
23 78 2628
23 79 6955
23 80 5810
23 84 163
23 85 3336
23 86 247
23 87 838
23 89 4836
23 96 9734
23 98 3622
23 99 5787
23 102 4264
23 103 2850
23 106 3059
23 110 6509
23 111 2492
23 112 3016
23 114 3724
23 116 2150
23 117 2308
24 26 5890
24 28 7534
24 30 8489
24 31 3236
24 32 3144
24 34 2929
24 35 5384
24 36 1356
24 37 2980
24 39 1151
24 41 3782
24 44 5891
24 46 3632
24 48 7539
24 52 4460
24 53 4938
24 54 5121
24 55 9741
24 57 7053
24 60 9910
24 61 4029
24 63 2588
24 64 5338
24 66 4504
24 67 2508
24 68 9169
24 69 3800
24 70 7210
24 75 1503
24 76 4392
24 84 1358
24 89 3485
24 90 9114
24 91 8417
24 93 8214
24 96 9499
24 97 4565
24 99 3745
24 100 5288
24 101 4072
24 103 6650
24 104 8994
24 105 3943
24 108 1890
24 110 444
24 111 2231
24 113 2067
24 116 7283
25 28 7986
25 29 341
25 31 9878
25 32 7304
25 33 9419
25 34 9991
25 35 8063
25 37 2771
25 42 6514
25 43 485
25 46 2117
25 47 8928
25 48 5850
25 50 9914
25 51 2702
25 52 9572
25 53 4098
25 54 7455
25 55 1173
25 56 5494
25 59 6891
25 61 2713
25 63 5033
25 64 8087
25 67 8541
25 68 1173
25 73 2550
25 74 3988
25 76 2137
25 77 5125
25 80 8969
25 82 7331
25 83 4000
25 84 6028
25 86 8940
25 89 3386
25 91 2827
25 93 3256
25 95 9240
25 99 9443
25 100 6827
25 102 4885
25 104 7515
25 106 6558
25 107 5434
25 108 782
25 110 6247
25 113 4434
25 115 6557
25 117 1379
26 28 8985
26 31 1089
26 33 1871
26 34 4083
26 35 3810
26 37 2873
26 39 9066
26 40 9578
26 42 8247
26 43 7966
26 44 7405
26 47 5589
26 49 7755
26 51 7501
26 53 6950
26 54 842
26 55 3431
26 56 6564
26 57 734
26 61 461
26 62 1196
26 63 663
26 65 8765
26 66 7467
26 67 1986
26 68 529
26 69 3289
26 71 878
26 72 6647
26 73 8510
26 74 6834
26 76 3679
26 78 3164
26 80 3095
26 82 9493
26 83 2223
26 85 3260
26 87 2939
26 88 4730
26 92 1540
26 94 9819
26 96 867
26 98 2162
26 100 5112
26 102 1538
26 104 9334
26 105 9823
26 109 216
26 112 2938
26 113 1133
26 117 2407
27 28 4665
27 30 4136
27 32 5398
27 33 4017
27 36 5823
27 39 2147
27 40 196
27 41 9102
27 43 7460
27 44 5024
27 46 8798
27 49 3743
27 51 3918
27 55 6459
27 58 5685
27 62 4125
27 63 4747
27 64 9191
27 65 1910
27 66 3358
27 69 428
27 71 1729
27 74 2060
27 76 1345
27 79 1507
27 83 8352
27 84 1163
27 86 7716
27 89 9911
27 93 1536
27 94 5101
27 95 5041
27 96 3430
27 103 3761
27 104 3940
27 105 1540
27 107 114
27 108 1569
27 110 1649
27 111 564
27 116 4484
27 117 351
28 30 5217
28 33 9130
28 34 297
28 35 5012
28 37 2815
28 38 3821
28 39 955
28 40 1825
28 42 4505
28 43 156
28 45 8216
28 46 7406
28 48 4666
28 50 2979
28 52 991
28 53 8837
28 58 7436
28 68 9808
28 70 1621
28 72 8838
28 73 7494
28 74 6019
28 75 6771
28 77 3164
28 79 9202
28 80 9603
28 83 3264
28 84 1547
28 85 4142
28 88 7179
28 89 9630
28 95 1723
28 97 4745
28 99 7963
28 100 8983
28 101 1389
28 102 7375
28 104 32
28 105 7215
28 106 9798
28 108 8360
28 111 6028
28 113 3755
28 114 6386
28 116 1414
28 117 9114
29 30 6604
29 31 4641
29 32 6306
29 34 4301
29 35 7161
29 36 8208
29 38 4492
29 41 7936
29 45 7793
29 46 8921
29 48 3014
29 51 7567
29 53 9457
29 54 8943
29 55 93
29 56 4760
29 58 1607
29 59 2530
29 63 9545
29 70 1472
29 72 1989
29 74 1197
29 76 1328
29 78 6855
29 79 4456
29 80 1067
29 82 3323
29 83 4284
29 85 7791
29 88 5609
29 89 4746
29 90 6447
29 91 5961
29 93 8197
29 94 9820
29 96 2317
29 100 8720
29 101 532
29 102 2426
29 103 5350
29 105 4504
29 107 5153
29 108 5752
29 109 3119
29 112 1437
29 116 9060
29 117 3679
30 31 5848
30 34 9721
30 36 3308
30 39 8850
30 44 6914
30 45 6646
30 47 129
30 48 6236
30 50 2811
30 51 3400
30 52 8249
30 55 7154
30 57 9648
30 58 7472
30 60 4946
30 62 1760
30 64 2850
30 69 8766
30 70 6388
30 74 5615
30 75 6342
30 76 7755
30 79 920
30 84 5869
30 90 6713
30 92 7329
30 95 9225
30 98 479
30 100 2481
30 102 7199
30 105 1440
30 108 9492
30 109 3707
30 112 9270
30 113 4190
30 114 6599
30 115 9884
30 116 2713
31 32 8245
31 38 3021
31 43 2500
31 45 1218
31 49 3397
31 50 4779
31 51 6710
31 52 9899
31 54 4164
31 55 141
31 56 8003
31 57 6735
31 65 2398
31 66 4594
31 67 6527
31 69 4586
31 70 7344
31 71 3106
31 77 4600
31 81 1493
31 83 4323
31 88 6044
31 91 8285
31 92 7705
31 93 2888
31 97 6149
31 100 5062
31 101 5588
31 102 1553
31 103 3902
31 104 7840
31 105 2655
31 106 20
31 112 5617
31 114 9609
31 115 4059
31 116 9660
32 33 9515
32 34 7589
32 35 9203
32 37 3496
32 40 8955
32 41 6215
32 42 6149
32 44 961
32 45 2687
32 48 8027
32 52 6140
32 56 5263
32 57 887
32 58 5570
32 59 8079
32 60 9456
32 61 2609
32 66 1972
32 67 6945
32 69 4493
32 71 1826
32 72 5026
32 76 4229
32 79 6301
32 81 9728
32 83 2866
32 85 3138
32 88 2832
32 89 1333
32 91 7095
32 94 4668
32 95 6357
32 96 2512
32 98 1176
32 99 3626
32 100 6309
32 101 3746
32 102 1572
32 104 2754
32 105 6016
32 106 2381
32 107 6819
32 111 2190
32 113 6880
32 114 1107
32 116 1778
33 37 4075
33 42 2739
33 43 1879
33 44 8064
33 45 1299
33 47 4270
33 48 1971
33 49 7311
33 50 3313
33 53 5087
33 54 6980
33 55 8599
33 56 5523
33 59 7071
33 60 8457
33 61 9969
33 66 8422
33 69 8433
33 70 8068
33 73 978
33 74 9498
33 75 5105
33 76 2315
33 77 2351
33 79 9383
33 80 9895
33 81 6580
33 82 315
33 84 616
33 85 8123
33 90 2633
33 91 6576
33 93 749
33 95 4474
33 97 875
33 98 6876
33 99 2361
33 100 4183
33 101 4346
33 105 1789
33 106 4134
33 109 2052
33 111 5858
33 112 4455
33 116 2704
34 35 6440
34 37 8802
34 38 3318
34 40 3139
34 44 522
34 47 8713
34 48 1464
34 50 395
34 54 6072
34 55 8702
34 56 6911
34 57 2254
34 58 5157
34 59 92
34 63 6990
34 64 6206
34 66 9570
34 67 9924
34 72 6294
34 73 8407
34 76 3690
34 77 8572
34 78 1289
34 79 5414
34 80 1455
34 81 3086
34 82 1171
34 85 2847
34 92 8754
34 94 6750
34 97 5587
34 103 3042
34 106 3199
34 107 8026
34 111 6253
34 112 2105
34 113 1754
34 114 3991
34 115 2499
34 117 2666
35 36 4831
35 39 8865
35 40 3082
35 41 671
35 44 8317
35 47 2135
35 48 3025
35 50 1934
35 51 9010
35 52 9599
35 54 64
35 56 5278
35 59 8647
35 60 9403
35 62 4012
35 64 7031
35 67 3428
35 71 8021
35 72 4808
35 73 2707
35 74 4618
35 75 441
35 77 6451
35 79 9256
35 83 5781
35 84 4427
35 86 9437
35 89 3840
35 91 9043
35 93 2749
35 95 7014
35 101 7952
35 104 8552
35 106 1
35 110 3368
35 112 5346
35 113 5315
35 114 769
35 116 8318
36 39 3207
36 42 7546
36 44 6255
36 49 4583
36 51 819
36 52 4328
36 54 8675
36 57 4992
36 58 64
36 59 4049
36 60 2108
36 61 2270
36 63 78
36 64 1123
36 65 1420
36 66 5913
36 70 5966
36 71 4239
36 73 3439
36 75 5871
36 77 5457
36 79 1144
36 80 3354
36 81 2247
36 82 1132
36 83 1873
36 84 2950
36 85 8124
36 87 6783
36 88 4939
36 89 6986
36 91 4570
36 92 8877
36 96 4234
36 97 9657
36 99 6334
36 100 822
36 101 6216
36 102 5515
36 108 1466
36 110 749
36 111 799
36 115 8655
37 43 2275
37 44 573
37 47 8275
37 50 7009
37 54 8143
37 59 2614
37 63 191
37 69 4974
37 71 2789
37 74 3826
37 78 4359
37 79 3547
37 83 5480
37 85 790
37 87 6064
37 88 2293
37 90 302
37 92 4925
37 95 6705
37 98 7391
37 100 4911
37 103 4537
37 104 3736
37 109 4585
37 111 6484
37 113 3690
37 114 419
37 115 6199
37 116 1506
38 39 3679
38 43 537
38 44 5973
38 47 5813
38 49 6020
38 50 1844
38 54 9983
38 57 9680
38 61 8180
38 63 2365
38 64 5732
38 65 9456
38 67 3490
38 69 4347
38 70 2346
38 72 8556
38 74 1004
38 76 7157
38 78 732
38 79 1532
38 80 5971
38 83 4875
38 84 8987
38 85 6597
38 86 8821
38 89 6915
38 90 447
38 92 9785
38 100 3000
38 102 2160
38 107 700
38 109 5319
38 110 6182
38 111 1722
38 112 1968
38 117 2579
39 40 5099
39 41 5156
39 44 2129
39 45 1477
39 47 4759
39 52 4321
39 53 162
39 54 4982
39 55 3477
39 60 5812
39 61 312
39 62 4077
39 63 5792
39 72 3368
39 73 4181
39 74 8712
39 76 3904
39 77 1238
39 79 3532
39 80 5587
39 81 1853
39 82 7347
39 87 5882
39 88 5623
39 90 1176
39 91 8654
39 93 9983
39 94 7844
39 95 3101
39 96 2255
39 100 1262
39 101 9368
39 104 9688
39 105 2853
39 108 9983
39 110 6084
39 112 1
39 113 4579
39 114 2963
39 115 9792
40 42 5267
40 43 463
40 44 8428
40 47 2716
40 49 5538
40 50 4911
40 52 7746
40 53 4020
40 54 3635
40 56 5869
40 57 458
40 58 3140
40 60 3227
40 61 5706
40 63 3110
40 64 5863
40 66 4287
40 68 4781
40 69 5010
40 71 8209
40 72 1999
40 74 4514
40 75 1742
40 76 7102
40 80 6439
40 82 5302
40 85 7431
40 87 913
40 88 7207
40 89 6429
40 92 4790
40 94 6785
40 97 7094
40 99 3511
40 100 6345
40 102 1151
40 103 1209
40 104 8662
40 109 8990
40 111 7937
40 113 9890
40 116 9117
41 42 8760
41 48 1235
41 50 6230
41 52 4053
41 54 9252
41 55 9898
41 59 7430
41 62 5726
41 64 5375
41 65 3105
41 72 5592
41 73 9659
41 74 7015
41 75 6707
41 77 5806
41 78 3800
41 79 5941
41 80 7982
41 83 9311
41 86 708
41 89 911
41 91 5756
41 92 5364
41 94 887
41 95 5761
41 96 7716
41 98 2443
41 100 4631
41 101 9907
41 103 807
41 109 7001
41 110 2739
41 113 8757
41 117 6174
42 43 866
42 45 2538
42 47 9433
42 48 7970
42 54 1810
42 57 4381
42 59 5287
42 63 4367
42 64 6298
42 65 8360
42 67 4788
42 70 5590
42 71 6044
42 72 153
42 74 4026
42 75 880
42 76 1086
42 81 6669
42 82 1324
42 84 4852
42 85 1876
42 86 2179
42 88 7316
42 91 2872
42 93 5418
42 96 399
42 99 1053
42 100 8920
42 101 8337
42 106 1140
42 107 8216
42 109 347
42 110 5359
42 113 9406
42 115 8970
42 116 1289
43 45 1487
43 46 2854
43 52 1471
43 53 8266
43 56 1581
43 63 9780
43 66 1127
43 67 6223
43 68 4420
43 69 1712
43 73 9377
43 76 6642
43 78 8639
43 80 7016
43 81 5987
43 82 1666
43 93 3249
43 96 8400
43 97 6872
43 98 5985
43 99 2394
43 101 2451
43 108 1031
43 110 6574
43 111 1384
43 115 5103
43 116 3685
44 47 1646
44 48 5196
44 52 4404
44 55 6637
44 56 2996
44 58 5197
44 64 7194
44 65 9641
44 66 5051
44 68 3068
44 70 1063
44 71 7820
44 73 754
44 74 3159
44 82 8619
44 85 9209
44 86 4786
44 87 6448
44 91 9425
44 93 6383
44 95 662
44 96 7573
44 97 9070
44 98 9058
44 104 9224
44 106 297
44 107 6272
44 108 2432
44 109 9467
44 111 1995
44 112 729
44 115 1379
45 48 4551
45 49 5271
45 52 1146
45 53 2256
45 56 5090
45 58 2784
45 59 2930
45 61 9076
45 62 7283
45 63 3553
45 64 6984
45 68 7381
45 72 8206
45 73 3526
45 75 8817
45 76 4953
45 82 5505
45 83 7704
45 85 8331
45 87 3958
45 88 3143
45 89 3786
45 91 3284
45 93 9438
45 94 8785
45 95 7679
45 100 397
45 101 9214
45 104 1569
45 106 6044
45 107 9738
45 108 8511
45 110 8545
45 113 26
46 48 5843
46 50 9377
46 52 3540
46 54 9619
46 55 9028
46 56 1635
46 57 2495
46 60 8618
46 63 7311
46 64 4708
46 65 9272
46 70 6339
46 83 8076
46 88 7304
46 89 503
46 90 143
46 91 3437
46 95 4158
46 96 4520
46 97 3289
46 101 9767
46 102 9307
46 104 2257
46 106 6480
46 107 4341
46 111 9877
46 113 9924
46 114 3484
46 117 6753
47 48 7701
47 50 4356
47 52 9569
47 53 9828
47 54 3335
47 56 8958
47 58 2173
47 60 1032
47 64 2113
47 68 6060
47 69 9570
47 72 7927
47 78 4768
47 80 502
47 82 8959
47 84 1665
47 86 5000
47 87 999
47 89 7493
47 91 2987
47 94 2660
47 95 6714
47 97 7926
47 98 556
47 101 2482
47 104 1989
47 105 1146
47 107 9975
47 108 9432
47 110 9468
47 111 463
47 115 5847
48 50 8309
48 52 9322
48 53 4895
48 54 5371
48 56 9544
48 57 9729
48 59 7815
48 61 247
48 62 8731
48 63 356
48 66 3809
48 71 1381
48 73 3264
48 74 2749
48 77 1803
48 78 1563
48 79 4263
48 82 9911
48 84 4218
48 86 3943
48 88 2718
48 93 4089
48 97 1907
48 98 6919
48 99 7374
48 100 6826
48 105 7500
48 108 3808
48 111 157
48 112 4635
48 114 6879
48 116 8186
49 50 8253
49 53 6880
49 54 1288
49 55 7945
49 56 2246
49 57 1571
49 59 2037
49 64 9176
49 65 8114
49 66 7282
49 67 3264
49 68 9754
49 69 7583
49 73 300
49 74 1551
49 76 3660
49 77 1459
49 79 9134
49 84 4691
49 85 7595
49 86 4987
49 88 8947
49 89 3309
49 90 325
49 92 8100
49 93 9114
49 95 9263
49 96 1583
49 98 6412
49 102 3184
49 103 4931
49 107 7400
49 110 3065
49 115 845
49 117 2615
50 51 6420
50 52 6461
50 53 6490
50 56 4043
50 57 2938
50 58 5329
50 60 1135
50 63 1921
50 64 3769
50 65 3293
50 67 8204
50 69 6951
50 70 5527
50 71 2611
50 75 1549
50 78 3639
50 79 2794
50 80 6266
50 81 8500
50 82 7997
50 83 7368
50 86 4998
50 92 5465
50 93 2542
50 94 6395
50 97 242
50 98 3728
50 102 1554
50 111 5185
50 115 3481
50 117 2659
51 54 8267
51 56 4480
51 58 1722
51 60 5513
51 62 9535
51 63 8966
51 65 7304
51 66 2250
51 68 7
51 69 8683
51 71 6897
51 72 1943
51 74 9173
51 78 2424
51 80 8299
51 82 8782
51 84 8321
51 88 374
51 89 7402
51 90 9356
51 93 8178
51 95 8621
51 96 2447
51 102 6712
51 103 5108
51 104 3310
51 105 9557
51 107 8574
51 109 9994
52 54 8891
52 55 6201
52 56 2004
52 57 539
52 62 9610
52 63 9282
52 65 232
52 67 2837
52 69 6047
52 71 5443
52 73 3978
52 74 5173
52 75 8098
52 77 1544
52 78 9137
52 79 6622
52 80 2032
52 81 927
52 85 5086
52 86 48
52 93 3303
52 94 5791
52 95 3147
52 96 4277
52 97 4314
52 98 2831
52 103 6762
52 105 40
52 107 331
52 109 8979
52 110 5124
52 112 3848
52 113 1053
52 115 1593
52 116 7057
52 117 6407
53 54 3839
53 55 7150
53 57 6906
53 59 9662
53 61 3890
53 66 4071
53 69 7528
53 70 4336
53 74 4247
53 76 3716
53 77 5289
53 79 611
53 81 4273
53 82 4043
53 84 3278
53 85 2329
53 86 8519
53 88 2936
53 90 134
53 92 5669
53 96 7992
53 97 4751
53 98 1706
53 100 9660
53 102 2871
53 105 6241
53 107 693
53 108 1137
53 109 8695
53 111 8260
54 55 8323
54 57 6008
54 58 2454
54 60 3402
54 61 5035
54 62 6781
54 65 9608
54 67 8900
54 68 5087
54 71 5760
54 75 4654
54 76 244
54 78 3647
54 79 6490
54 81 1338
54 82 5759
54 84 75
54 88 1644
54 92 9467
54 93 6883
54 94 628
54 95 9069
54 97 6792
54 98 5969
54 100 42
54 105 2342
54 106 4141
54 107 737
54 110 5678
54 114 1607
55 56 7898
55 57 9261
55 64 6470
55 65 612
55 66 400
55 68 5913
55 70 1330
55 71 2986
55 72 5306
55 76 2211
55 77 6883
55 78 1936
55 79 190
55 80 3064
55 82 6328
55 83 4174
55 84 7701
55 87 4367
55 90 2112
55 91 9548
55 92 6326
55 93 1918
55 95 9413
55 100 2566
55 101 1335
55 104 2290
55 108 120
55 111 1377
55 113 3403
55 114 5047
55 115 1863
56 57 7715
56 59 6586
56 65 1758
56 69 960
56 70 9115
56 72 3590
56 73 6980
56 74 8089
56 75 2508
56 76 1114
56 78 1704
56 79 3950
56 81 6504
56 82 5609
56 83 4466
56 85 5109
56 87 8581
56 88 5827
56 89 96
56 94 7585
56 97 9109
56 98 5552
56 100 2682
56 104 4798
56 106 6127
56 108 3886
56 109 2101
56 110 9808
56 114 9777
56 117 7757
57 58 9218
57 60 6996
57 61 7284
57 62 2271
57 63 418
57 67 6005
57 69 5494
57 70 8708
57 71 5271
57 73 7155
57 74 9088
57 77 3762
57 78 8431
57 80 4879
57 83 5694
57 84 9905
57 89 8584
57 90 2319
57 94 5714
57 95 9370
57 96 9841
57 100 5292
57 103 359
57 106 9192
57 108 4426
57 109 7615
57 110 8720
57 111 1648
57 114 6678
57 117 1407
58 60 4689
58 62 4014
58 65 4948
58 68 7779
58 70 2707
58 71 3320
58 72 9040
58 78 9636
58 80 1703
58 82 865
58 83 9426
58 86 784
58 93 6327
58 95 6851
58 101 8677
58 103 4875
58 105 8328
58 113 2214
58 114 3724
59 61 577
59 62 1868
59 65 3712
59 66 179
59 67 1985
59 69 3295
59 71 2724
59 73 4915
59 78 5824
59 79 6652
59 80 7297
59 81 8557
59 84 8731
59 85 1562
59 86 1048
59 89 8579
59 94 9833
59 95 8092
59 97 8116
59 98 6114
59 102 3108
59 104 3478
59 109 4953
59 110 7378
59 112 6623
59 113 6705
59 114 9765
59 115 8386
59 116 2667
60 61 2106
60 65 486
60 67 5158
60 70 8547
60 71 5971
60 75 6906
60 81 998
60 82 5924
60 83 7709
60 84 2580
60 89 6842
60 92 4302
60 97 1279
60 98 3388
60 100 2358
60 101 4743
60 102 2372
60 107 2906
60 108 6915
60 111 8195
60 114 5305
60 115 1187
60 116 1322
60 117 9855
61 64 1101
61 69 6718
61 71 4239
61 72 9179
61 81 5873
61 82 9619
61 83 6275
61 84 4100
61 86 4073
61 89 4790
61 90 6596
61 92 8334
61 93 3503
61 99 8353
61 100 236
61 101 5288
61 104 2457
61 106 8654
61 107 896
61 109 95
61 110 5615
61 111 8770
61 112 439
61 113 8366
61 114 1207
61 115 5417
61 116 4260
61 117 10000
62 68 1301
62 71 7053
62 73 9157
62 75 8030
62 77 6027
62 78 2071
62 80 8879
62 82 6472
62 84 3957
62 88 532
62 90 8676
62 92 3241
62 94 528
62 96 624
62 98 2013
62 99 9416
62 102 6747
62 103 1028
62 105 2877
62 107 1618
62 108 4843
62 111 9776
62 112 9831
62 113 6517
62 114 4458
63 67 6476
63 71 7724
63 75 3891
63 76 455
63 77 9404
63 80 8266
63 82 953
63 85 2576
63 86 1694
63 87 5605
63 88 3142
63 89 7634
63 90 6024
63 91 8409
63 92 3941
63 95 4315
63 96 7092
63 97 6942
63 100 5133
63 101 144
63 102 610
63 105 2798
63 108 8953
63 109 8828
63 110 1656
63 111 398
63 113 2160
63 117 6687
64 65 3371
64 66 5126
64 67 8877
64 68 2814
64 69 4450
64 71 3158
64 73 1646
64 76 2834
64 78 9796
64 80 6039
64 81 6981
64 83 3841
64 85 7471
64 86 8524
64 89 362
64 90 2889
64 91 7574
64 92 5460
64 93 9621
64 95 3957
64 98 437
64 100 3031
64 102 4331
64 104 2611
64 105 528
64 106 9008
64 110 7295
64 112 2869
64 115 9729
64 117 7311
65 66 1306
65 67 2292
65 68 9447
65 70 2385
65 72 289
65 73 7541
65 74 5521
65 77 4554
65 78 1070
65 79 9145
65 81 6304
65 82 4000
65 87 4024
65 94 5578
65 95 5859
65 97 7739
65 100 6867
65 103 4332
65 104 7436
65 105 4339
65 107 2835
65 108 1982
65 109 1594
65 110 9144
65 111 7753
65 113 5869
65 114 5698
65 116 6574
66 67 4052
66 68 2771
66 69 5932
66 70 7137
66 71 6282
66 76 402
66 78 2940
66 79 9160
66 80 1046
66 81 2460
66 83 3516
66 84 1542
66 88 8816
66 90 8745
66 91 6559
66 92 1876
66 94 2447
66 95 9208
66 101 1781
66 103 8477
66 112 3180
66 116 6168
66 117 9067
67 68 1892
67 70 1925
67 71 8463
67 73 3316
67 74 4739
67 76 1989
67 77 437
67 80 7342
67 81 6182
67 82 3071
67 84 7463
67 85 7861
67 87 2574
67 88 5306
67 91 3993
67 92 6275
67 93 6688
67 95 7056
67 96 8844
67 97 3468
67 102 3601
67 103 5178
67 105 8370
67 107 3006
67 110 7278
67 111 2476
67 114 2537
67 115 3804
67 116 9759
68 69 8078
68 70 7070
68 71 6338
68 72 192
68 73 4304
68 75 6443
68 78 9795
68 81 8072
68 82 3763
68 84 6463
68 85 7229
68 86 168
68 90 9709
68 91 2593
68 95 2127
68 100 7533
68 102 9987
68 106 4434
68 110 9976
68 111 8259
68 117 8065
69 72 9090
69 73 2103
69 78 5637
69 79 6018
69 80 3718
69 82 3357
69 90 5614
69 91 2054
69 92 8592
69 93 4886
69 94 5494
69 95 4818
69 96 9143
69 97 3507
69 98 8073
69 100 9865
69 101 3614
69 103 2153
69 104 5008
69 108 4829
69 109 6037
69 110 9438
69 113 8228
69 115 3008
70 72 4699
70 73 2699
70 74 3525
70 75 3271
70 76 6389
70 80 1604
70 82 2476
70 83 1088
70 84 2813
70 85 5711
70 86 4558
70 88 2036
70 90 8667
70 92 283
70 93 7161
70 96 6445
70 98 3438
70 99 774
70 102 236
70 103 3401
70 109 4908
70 110 4827
70 111 5698
70 116 6780
71 73 7455
71 78 8060
71 82 3618
71 84 2462
71 87 461
71 89 5252
71 90 2687
71 91 4508
71 97 4039
71 101 2439
71 102 4312
71 105 3065
71 106 1002
71 107 2509
71 109 9512
71 110 527
71 112 8914
71 114 4697
71 116 1416
72 74 7704
72 75 2181
72 78 2591
72 81 4017
72 82 4884
72 83 1761
72 84 2707
72 85 2386
72 88 8165
72 89 5015
72 91 6810
72 93 4832
72 94 3438
72 96 9379
72 97 4231
72 100 8537
72 102 8003
72 106 7260
72 107 8814
72 108 137
72 110 8836
72 111 9965
73 75 104
73 77 9634
73 79 9889
73 80 2545
73 81 8858
73 83 7593
73 84 8373
73 85 389
73 86 8992
73 87 5979
73 88 6913
73 90 210
73 92 6756
73 93 9080
73 94 4668
73 95 7519
73 98 1904
73 101 9737
73 102 9609
73 103 1892
73 108 6867
73 109 6505
73 110 1426
73 111 5880
73 112 8110
73 113 4497
73 115 1662
74 75 312
74 76 430
74 77 3369
74 78 1900
74 81 8885
74 85 1630
74 91 1513
74 96 2510
74 97 2270
74 99 4954
74 102 8595
74 104 3514
74 106 3129
74 108 2122
74 112 5901
74 113 7719
74 114 6115
74 115 3208
75 77 9540
75 80 4682
75 83 9094
75 85 6606
75 86 918
75 88 1631
75 89 8892
75 90 9821
75 91 597
75 93 1525
75 95 893
75 100 2480
75 103 7149
75 109 9762
75 110 700
75 111 5023
75 117 9571
76 77 9979
76 80 6274
76 87 8596
76 89 9412
76 90 7952
76 91 7651
76 92 4111
76 93 9721
76 95 7723
76 97 4966
76 103 7928
76 104 6836
76 105 9155
76 108 6090
76 109 9603
76 111 3182
76 115 9705
77 83 394
77 85 3267
77 86 1053
77 87 9778
77 89 4271
77 90 3417
77 91 9242
77 92 3079
77 94 441
77 95 3642
77 100 1479
77 101 7644
77 102 7507
77 103 3346
77 104 8205
77 105 9443
77 106 0
77 107 7125
77 109 3893
77 111 8052
77 113 7497
77 115 7169
77 116 5120
77 117 2252
78 83 2968
78 87 6591
78 88 4756
78 89 6219
78 90 9976
78 92 560
78 94 7380
78 96 9715
78 98 7484
78 100 632
78 102 6889
78 103 5639
78 104 7013
78 106 2087
78 107 9831
78 108 6044
78 109 970
78 112 2887
78 113 2756
78 114 2520
78 115 7024
78 117 3012
79 82 9088
79 83 9340
79 86 1947
79 89 2581
79 93 7409
79 95 8646
79 98 3612
79 99 8151
79 100 1051
79 101 5022
79 103 3742
79 106 3616
79 107 9412
79 108 6777
79 109 3630
79 110 7677
79 113 9515
79 115 6295
79 116 6629
79 117 949
80 81 5210
80 85 9475
80 86 9878
80 88 5805
80 89 2393
80 90 6531
80 95 1254
80 98 6529
80 99 2740
80 100 5440
80 101 3157
80 105 7163
80 106 7624
80 107 1430
80 108 9155
80 110 3070
80 112 9171
80 113 345
80 115 5794
80 117 4526
81 82 8311
81 83 6651
81 85 4296
81 87 2537
81 88 7496
81 92 647
81 96 4201
81 97 4499
81 99 9240
81 100 2187
81 108 1420
81 109 705
81 110 986
81 114 1550
81 117 6635
82 83 4367
82 85 9958
82 86 7454
82 87 8189
82 89 4999
82 91 7414
82 92 5398
82 94 1649
82 95 5774
82 97 7089
82 100 6108
82 107 708
82 112 9429
82 113 9671
82 114 5250
82 117 4698
83 85 8184
83 86 4383
83 88 9506
83 89 2833
83 90 7817
83 92 9850
83 95 2659
83 100 59
83 101 5277
83 102 1243
83 103 3269
83 104 6382
83 105 7946
83 106 7908
83 107 8297
83 108 1062
83 109 8728
83 114 5713
83 116 7666
83 117 7094
84 85 1763
84 86 1143
84 87 1779
84 88 6014
84 89 3039
84 91 6191
84 92 3956
84 93 6461
84 102 9857
84 103 6549
84 106 1983
84 107 4972
84 108 8884
84 111 4347
84 112 3687
84 114 7969
84 115 6257
84 117 4568
85 88 4033
85 91 9611
85 92 9351
85 95 4473
85 98 1606
85 106 3407
85 107 4561
85 108 2032
85 109 2233
86 87 9925
86 88 5631
86 90 3601
86 93 4869
86 94 24
86 96 9187
86 99 5424
86 101 6835
86 107 4483
86 108 3215
86 109 5124
86 111 1881
86 112 955
86 113 3430
86 115 5006
87 88 8096
87 89 322
87 95 6643
87 100 2868
87 101 1401
87 102 9503
87 105 8308
87 106 2701
87 108 4986
87 110 2662
87 112 6141
87 113 8383
87 114 1037
87 116 755
88 90 7488
88 92 3450
88 95 4005
88 98 992
88 100 1223
88 102 6742
88 103 6414
88 104 4545
88 107 2078
88 109 2209
88 114 4755
88 117 6333
89 92 9440
89 94 8680
89 95 1320
89 96 8572
89 99 1228
89 103 2606
89 105 6408
89 106 4723
89 107 4575
89 108 7170
89 109 4416
89 110 2661
89 112 5972
89 115 1170
89 116 2731
90 93 938
90 94 847
90 97 7601
90 99 2165
90 101 8693
90 104 1530
90 105 3861
90 106 1191
90 107 3955
90 112 6767
90 114 725
90 115 9522
90 117 5024
91 93 8070
91 94 7460
91 96 4627
91 97 1682
91 98 6038
91 100 2054
91 104 3620
91 105 2281
91 106 4793
91 111 8316
91 112 2855
91 113 9286
91 115 8763
91 116 4851
91 117 2592
92 94 4994
92 95 6958
92 97 4815
92 98 8475
92 99 2074
92 100 9388
92 101 3817
92 102 9264
92 103 1255
92 104 2967
92 105 3068
92 106 2888
92 107 6399
92 109 9156
93 98 8285
93 100 7606
93 101 5435
93 106 8867
93 107 5713
93 108 6153
93 111 2292
93 113 5048
93 115 5153
93 117 2631
94 95 6708
94 98 6565
94 99 2047
94 101 4645
94 102 4953
94 103 5576
94 104 5154
94 105 1722
94 107 462
94 111 257
94 116 269
95 96 1094
95 97 247
95 98 4740
95 100 4353
95 104 3468
95 105 6000
95 106 722
95 109 1147
95 117 2578
96 99 9307
96 101 8856
96 103 5424
96 109 9195
96 113 3257
96 117 3871
97 98 9984
97 100 6596
97 104 6674
97 105 3248
97 106 1955
97 111 2261
97 116 6002
98 99 431
98 101 809
98 104 254
98 105 6154
98 107 7133
98 110 5134
98 112 2670
98 116 5049
98 117 6087
99 100 1456
99 101 217
99 106 4889
99 107 8273
99 108 3207
99 109 5253
99 111 3273
100 101 6810
100 102 9136
100 103 3516
100 104 2322
100 107 4012
100 116 2159
100 117 1765
101 104 2151
101 106 4409
101 107 6784
101 109 7259
101 111 8085
101 114 8693
101 116 2535
101 117 4038
102 105 379
102 107 3809
102 108 6607
102 109 2524
102 113 1187
102 114 4071
102 116 363
102 117 3667
103 105 5946
103 107 4646
103 108 8367
103 112 4753
103 116 7578
104 110 4997
104 111 3774
104 112 1327
104 113 7127
104 114 9108
104 116 1777
104 117 5845
105 107 179
105 109 5843
105 110 925
105 111 6302
105 112 7160
105 113 5262
105 116 2496
105 117 9512
106 109 424
106 112 7958
106 113 1808
106 114 7650
106 115 2373
106 117 3345
107 110 9412
107 112 9813
107 113 6477
107 114 9885
107 117 3331
108 109 8152
108 110 6711
108 112 9511
108 113 8948
108 114 6990
108 115 1455
108 117 8313
109 110 6472
109 111 3544
109 112 5679
109 113 1525
109 114 9019
109 115 9363
109 117 8965
110 111 7004
110 113 4640
110 114 954
110 116 9689
110 117 4611
111 116 9731
111 117 4007
112 115 9166
113 115 6478
113 116 107
113 117 7574
114 117 8291
115 116 1341
