[[ 9 79 18 81 58 58  7 89 60 83 37 82 86  4 56 64 55 58 49 20 71 94  0 71
  90 28 95 14 97 81  1  2 87 66 99 62 89 20 30 17 54  7 59 66 29 58 17 24
   9  7 67 87 62 11 80 33 69 80 24 52 98 33 63 20 94 78 79  1 82  9 69 22
  66 32 87 41 98 28 77 93  0 96 21 11 23 65 20 77  7 22 12 90 25 20 32 11
   0 64 46 33]
 [13 12 49 62 11 16 93 40 65 12 28 80  8 97 61  6 37 70 94  9 53 17 80 56
  11 37 50 24 92 10 14 15 60 28 31 20 44 23  1 75 32 33 12 27 11 21 82 77
  39 54 30 89 31 93 88  5 73 10 17 62 80 86 90 39 65  1 13 95 51  8 81 98
  15 19 87 57 33 25 24 69 69 71 53  9 92 87  8 99 79 83 12 81 87 25 19  0
  76 28 67 41]]
